[[437.]
 [427.]
 [444.]
 [481.]
 [526.]
 [556.]
 [568.]
 [550.]
 [510.]
 [466.]
 [430.]
 [413.]
 [423.]
 [446.]
 [473.]
 [498.]
 [514.]
 [516.]
 [503.]
 [490.]
 [473.]
 [456.]
 [446.]
 [444.]
 [457.]
 [473.]
 [499.]
 [518.]
 [519.]
 [504.]
 [481.]
 [452.]
 [425.]
 [409.]
 [409.]
 [431.]
 [461.]
 [488.]
 [504.]
 [509.]
 [500.]
 [481.]
 [462.]
 [445.]
 [438.]
 [440.]
 [452.]
 [459.]
 [463.]
 [468.]
 [465.]
 [462.]
 [461.]
 [458.]
 [457.]
 [463.]
 [461.]
 [459.]
 [462.]
 [466.]
 [463.]
 [468.]
 [469.]
 [465.]
 [458.]
 [445.]
 [434.]
 [425.]
 [426.]
 [433.]
 [440.]
 [448.]
 [449.]
 [454.]
 [455.]
 [450.]
 [445.]
 [442.]
 [446.]
 [451.]
 [456.]
 [458.]
 [449.]
 [435.]
 [423.]
 [416.]
 [420.]
 [434.]
 [451.]
 [451.]
 [440.]
 [424.]
 [409.]
 [404.]
 [410.]
 [430.]
 [451.]
 [457.]
 [450.]
 [434.]
 [420.]
 [411.]
 [413.]
 [420.]
 [422.]
 [424.]
 [430.]
 [436.]
 [439.]
 [445.]
 [448.]
 [440.]
 [431.]
 [413.]
 [400.]
 [396.]
 [402.]
 [409.]
 [418.]
 [421.]
 [425.]
 [421.]
 [413.]
 [397.]
 [394.]
 [389.]
 [397.]
 [413.]
 [431.]
 [448.]
 [452.]
 [439.]
 [422.]
 [406.]
 [392.]
 [391.]
 [394.]
 [401.]
 [404.]
 [401.]
 [408.]
 [413.]
 [418.]
 [427.]
 [431.]
 [431.]
 [412.]
 [393.]
 [368.]
 [358.]
 [361.]
 [375.]
 [400.]
 [421.]
 [438.]
 [431.]
 [416.]
 [397.]
 [377.]
 [369.]
 [370.]
 [378.]
 [390.]
 [399.]
 [409.]
 [401.]
 [393.]
 [379.]
 [366.]
 [351.]
 [356.]
 [370.]
 [389.]
 [408.]
 [423.]
 [423.]
 [413.]
 [397.]
 [380.]
 [366.]
 [359.]
 [356.]
 [358.]
 [370.]
 [383.]
 [393.]
 [404.]
 [408.]
 [403.]
 [389.]
 [376.]
 [369.]
 [368.]
 [370.]
 [372.]
 [363.]
 [356.]
 [357.]
 [365.]
 [380.]
 [397.]
 [407.]
 [399.]
 [379.]
 [358.]
 [338.]
 [333.]
 [340.]
 [360.]
 [374.]
 [378.]
 [375.]
 [375.]
 [363.]
 [357.]
 [348.]
 [343.]
 [340.]
 [343.]
 [350.]
 [356.]
 [367.]
 [376.]
 [374.]
 [367.]
 [357.]
 [343.]
 [336.]
 [337.]
 [339.]
 [342.]
 [340.]
 [336.]
 [340.]
 [338.]
 [341.]
 [340.]
 [339.]
 [329.]
 [324.]
 [325.]
 [336.]
 [349.]
 [366.]
 [371.]
 [371.]
 [355.]
 [332.]
 [316.]
 [311.]
 [323.]
 [341.]
 [355.]
 [358.]
 [355.]
 [339.]
 [324.]
 [315.]
 [316.]
 [320.]
 [330.]
 [339.]
 [346.]
 [346.]
 [343.]
 [345.]
 [344.]
 [338.]
 [325.]
 [316.]
 [312.]
 [307.]
 [308.]
 [314.]
 [317.]
 [325.]
 [336.]
 [346.]
 [338.]
 [323.]
 [313.]
 [305.]
 [306.]
 [322.]
 [334.]
 [339.]
 [329.]
 [313.]
 [303.]
 [299.]
 [307.]
 [321.]
 [322.]
 [309.]
 [282.]
 [264.]
 [263.]
 [286.]
 [323.]
 [346.]
 [367.]
 [366.]
 [353.]
 [331.]
 [312.]
 [300.]
 [292.]
 [280.]
 [277.]
 [277.]
 [283.]
 [298.]
 [314.]
 [324.]
 [322.]
 [306.]
 [293.]
 [281.]
 [279.]
 [277.]
 [285.]
 [296.]
 [301.]
 [302.]
 [300.]
 [297.]
 [296.]
 [295.]
 [291.]
 [289.]
 [287.]
 [288.]
 [291.]
 [295.]
 [293.]
 [287.]
 [279.]
 [273.]
 [266.]
 [270.]
 [271.]
 [275.]
 [277.]
 [281.]
 [283.]
 [279.]
 [271.]
 [266.]
 [269.]
 [270.]
 [266.]
 [263.]
 [267.]
 [267.]
 [277.]
 [283.]
 [287.]
 [284.]
 [283.]
 [281.]
 [276.]
 [274.]
 [269.]
 [261.]
 [256.]
 [250.]
 [248.]
 [252.]
 [255.]
 [255.]
 [265.]
 [269.]
 [272.]
 [274.]
 [277.]
 [277.]
 [271.]
 [261.]
 [255.]
 [247.]
 [248.]
 [251.]
 [249.]
 [254.]
 [254.]
 [256.]
 [256.]
 [253.]
 [246.]
 [243.]
 [245.]
 [244.]
 [247.]
 [249.]
 [251.]
 [250.]
 [252.]
 [251.]
 [247.]
 [239.]
 [240.]
 [246.]
 [254.]
 [257.]
 [254.]
 [247.]
 [235.]
 [223.]
 [218.]
 [220.]
 [227.]
 [236.]
 [241.]
 [238.]
 [233.]
 [227.]
 [219.]
 [214.]
 [214.]
 [217.]
 [223.]
 [225.]
 [226.]
 [233.]
 [232.]
 [238.]
 [243.]
 [248.]
 [239.]
 [231.]
 [216.]
 [202.]
 [197.]
 [206.]
 [219.]
 [232.]
 [242.]
 [241.]
 [230.]
 [216.]
 [201.]
 [190.]
 [188.]
 [193.]
 [196.]
 [210.]
 [221.]
 [234.]
 [238.]
 [232.]
 [229.]
 [221.]
 [210.]
 [204.]
 [204.]
 [207.]
 [206.]
 [202.]
 [197.]
 [188.]
 [180.]
 [184.]
 [198.]
 [211.]
 [220.]
 [216.]
 [205.]
 [190.]
 [180.]
 [175.]
 [176.]
 [185.]
 [194.]
 [206.]
 [211.]
 [210.]
 [207.]
 [202.]
 [191.]
 [183.]
 [175.]
 [180.]
 [186.]
 [198.]
 [204.]
 [209.]
 [210.]
 [204.]
 [191.]
 [185.]
 [176.]
 [173.]
 [180.]
 [183.]
 [191.]
 [188.]
 [179.]
 [168.]
 [160.]
 [160.]]