0.000000000000000000e+00,0.000000000000000000e+00,0.000000000000000000e+00
-2.394099619573248625e+08,2.529938223625536263e+08,1.979241002311320603e+08
-3.666901558276175261e+08,3.804493515170279145e+08,3.010468922341012359e+08
-4.357774198726766109e+08,4.488159726175627708e+08,3.573744892996296883e+08
-4.368386200325807333e+08,4.498696375811244845e+08,3.580082699133727551e+08
-4.390003482920292616e+08,4.511395161669846177e+08,3.579346302708488703e+08
-6.330752954948621988e+08,4.353589064166026115e+08,2.341647726085692942e+08
-6.470365130395563841e+08,4.251891836913856864e+08,2.185900181971431375e+08
-6.473046023737399578e+08,4.239763918517959714e+08,2.177424432595159113e+08
-5.089846781103792787e+08,3.468663620578975081e+08,2.728293032403795123e+08
-2.480912204959956110e+08,3.036702626191577315e+08,4.591711358717697263e+08
-1.843418908883702159e+08,3.750922049643208385e+08,4.618473434642935991e+08
4.066671449690127373e+08,6.011659288322577477e+08,1.050800600576884985e+09
5.033227855413708687e+08,7.103316826344106197e+08,1.093726688456543684e+09
8.069222346365087032e+08,9.360988336775380373e+08,1.317824501485572338e+09
1.001245842029512048e+09,1.120328187627090693e+09,1.479652085133240938e+09
1.099290588464835644e+09,1.268648481241398096e+09,1.605183488527770996e+09
1.127738389879541397e+09,1.350430720301292419e+09,1.604900055303282261e+09
1.154053052995975018e+09,1.471251124660501242e+09,1.732958288982232332e+09
1.174638590559767723e+09,1.544526654571385145e+09,1.700722876781139612e+09
1.196661100191406012e+09,1.623244802791503429e+09,1.676664874886295319e+09
1.362446850167668104e+09,1.856605316484400272e+09,1.952221137530389547e+09
1.461332169621030092e+09,1.971986858159521103e+09,1.997174169248226881e+09
1.664737706828800678e+09,2.149291155445856094e+09,2.104830027864766359e+09
1.686691022367351770e+09,2.220367720879792690e+09,2.067939627555188417e+09
1.884276283750671148e+09,2.353071564654196262e+09,2.134689841585867882e+09
2.295140894994708538e+09,2.461589059081479549e+09,2.390785791143969536e+09
2.533821228951969147e+09,2.498410883430485249e+09,2.591985234763538837e+09
2.612304833330321312e+09,2.563483463290603161e+09,2.634176860967781067e+09
2.638975185849338531e+09,2.738068761644916058e+09,2.626843122892405510e+09
2.659334524031881809e+09,2.810764099862062454e+09,2.587936367740937710e+09
2.695955148523724556e+09,2.887157671588424206e+09,2.532661800121066570e+09
2.721222579902421474e+09,2.956769495365663052e+09,2.493733648078079700e+09
2.772951178519543648e+09,3.005710848610523701e+09,2.471464719793670177e+09
2.775289598633599281e+09,2.995002436929397106e+09,2.522351261849152565e+09
2.710507804364187717e+09,2.871845949552113533e+09,2.661980490713572979e+09
2.731334979319303513e+09,2.942118339786600590e+09,2.624589993660689354e+09
2.643533328369399071e+09,2.845541510710175991e+09,2.737290117222188950e+09
2.662368371830265999e+09,2.914193867674361706e+09,2.701093269261004925e+09
2.378727650827771187e+09,2.790574061626462460e+09,2.709493974772172928e+09
1.845195158219053745e+09,2.694861734274534225e+09,2.530665127491988182e+09
1.559071886532955408e+09,2.768375291624770164e+09,2.359572977254245758e+09
1.300490582708786964e+09,2.855057723726447582e+09,2.158917513188353539e+09
1.302754557799197435e+09,2.921852535103584766e+09,2.105211210006586313e+09
1.158394657395025730e+09,2.845830363396660328e+09,1.835370034685212374e+09
8.923080244163669348e+08,2.316635509302149773e+09,1.142246875583027601e+09
6.071075264578977823e+08,1.358354495600594759e+09,2.991206066102989316e+08
4.501112373653381467e+08,9.166009919817600250e+08,5.835115169155853242e+07
-2.091879053632934764e+07,-7.048457823974731565e+07,3.757171549287994206e+07
-8.897192891465883255e+08,-2.906113090343030930e+09,1.514675612335827112e+09
